773
731
695
727
206
262
267
347
618
732
30
720
153
194
192
90
355
51
595
23
485
285
632
364
175
667
156
453
520
123
307
705
384
184
456
248
726
508
142
489
391
543
377
416
193
482
444
504
300
96
389
129
136
201
128
753
250
476
665
701
572
132
772
232
492
306
270
551
141
414
5
348
768
240
706
298
761
52
407
463
545
365
767
215
197
70
734
9
116
742
17
304
758
112
199
133
195
371
163
125
795
635
540
542
735
796
666
75
602
646
106
387
41
130
684
68
624
158
564
512
784
751
691
369
794
44
461
537
31
446
341
663
655
218
422
213
584
598
319
525
435
77
494
361
786
586
554
299
591
89
97
88
340
356
119
625
470
459
67
544
711
497
162
305
381
561
95
38
478
749
274
515
493
388
261
580
638
404
746
244
656
430
788
351
320
57
719
714
59
76
48
277
424
527
155
147
800
622
134
235
