449
367
168
151
795
415
460
534
88
361
193
279
501
400
99
357
535
423
55
605
632
538
422
691
378
265
677
388
316
512
696
67
431
747
557
701
558
210
1
516
547
141
344
72
674
73
290
195
124
273
333
755
370
642
44
628
29
293
351
658
591
689
359
757
26
792
230
482
708
438
681
155
399
412
341
154
379
568
204
397
158
288
504
436
183
276
611
625
613
647
786
492
134
693
232
40
721
743
366
189
384
255
160
313
667
518
767
6
417
123
281
466
690
429
216
517
653
491
175
326
35
85
584
340
617
465
711
509
76
421
36
564
661
165
577
744
198
461
310
544
616
486
733
217
469
551
96
467
530
594
324
97
590
511
318
442
578
734
418
258
779
633
425
503
471
676
704
120
618
760
541
529
263
433
173
14
180
119
110
604
16
519
354
369
206
428
302
315
90
752
112
152
543
51
713
599
118
212
392
226
