172
326
403
514
122
195
256
119
647
199
719
377
446
725
183
6
541
118
176
679
570
74
611
501
308
218
48
762
581
626
459
292
765
380
745
19
143
470
281
39
670
22
383
539
235
757
257
432
616
35
4
567
505
95
371
106
777
799
3
699
280
68
166
369
761
130
428
421
675
596
253
54
21
14
407
781
287
202
661
529
309
189
667
557
213
126
53
302
260
301
530
769
324
786
509
56
140
234
608
672
695
729
700
683
711
405
364
268
231
703
159
38
522
161
623
693
152
606
165
627
778
368
707
705
400
575
73
64
396
515
76
144
341
569
124
357
591
713
503
462
219
46
556
504
10
401
469
333
619
666
682
246
417
114
516
497
512
366
141
533
334
96
487
712
430
120
630
370
110
660
492
479
339
720
275
549
158
23
472
349
500
115
78
598
502
392
111
391
132
794
180
312
89
355
75
624
134
656
601
94
