337
616
198
70
99
614
533
219
670
702
561
79
260
750
478
117
224
373
172
528
52
120
591
776
796
218
19
173
685
141
166
61
585
186
296
458
381
467
9
386
169
85
577
303
371
785
160
443
34
622
427
193
798
278
624
29
318
659
645
603
492
465
414
288
133
210
669
531
564
647
338
196
174
526
611
283
770
148
575
656
698
190
789
588
259
98
100
342
761
192
38
35
518
175
400
231
137
466
744
208
315
707
251
328
612
354
520
152
319
417
507
213
497
747
356
550
310
250
226
688
74
143
695
223
597
605
635
498
679
432
706
573
5
422
784
534
655
690
665
36
200
513
102
25
88
56
21
566
780
58
388
118
289
215
705
405
736
439
667
245
23
731
161
593
549
617
544
538
775
149
449
253
347
459
107
631
710
268
206
677
230
365
73
460
132
421
92
733
316
714
445
362
31
123
732
758
448
512
629
383
