399
673
241
79
195
525
729
131
282
440
280
361
731
283
349
65
770
701
296
146
765
409
158
654
4
40
604
519
351
152
312
777
568
683
407
249
524
352
518
695
223
552
599
194
423
37
607
114
102
229
621
10
661
147
28
68
634
772
455
784
624
392
44
482
680
48
733
761
188
148
427
650
127
556
411
596
613
355
122
376
744
13
379
469
456
696
768
61
676
602
393
345
797
338
104
560
721
273
205
603
96
116
425
246
180
204
271
63
320
111
295
377
734
756
501
109
461
543
222
99
620
652
606
665
26
713
29
208
766
625
211
117
390
725
595
324
167
739
389
314
498
516
550
120
150
281
723
506
192
724
493
35
270
183
752
156
306
641
89
441
201
767
181
137
334
78
358
221
305
659
303
748
636
346
357
586
212
657
544
133
238
185
184
207
655
136
438
86
464
431
106
754
322
254
565
637
470
405
130
520
