200
591
46
568
627
65
510
455
15
17
698
688
383
685
771
733
168
442
215
476
674
482
20
120
26
478
1
337
748
454
559
102
196
471
379
30
676
299
328
350
373
512
745
164
53
363
800
122
266
625
347
388
724
448
539
637
90
253
198
571
560
4
234
426
418
272
170
580
750
62
620
128
224
386
533
290
546
6
254
134
384
385
435
692
431
103
105
607
782
502
93
177
504
514
597
457
421
259
532
518
335
143
481
106
92
444
413
207
330
171
554
743
96
755
112
291
233
381
34
368
317
578
214
761
731
439
577
167
287
403
282
405
49
260
527
709
610
136
296
675
48
394
710
739
598
3
242
16
626
361
256
490
799
374
730
129
656
686
530
600
573
319
670
292
680
700
333
185
274
125
298
36
78
460
181
74
768
98
318
64
220
702
584
445
111
72
446
108
667
428
7
286
244
37
11
663
369
257
271
184
