102
326
186
721
684
292
800
260
61
729
765
500
515
125
435
676
794
748
177
235
554
594
263
278
573
648
392
115
296
116
362
244
761
309
746
335
30
57
597
227
425
717
562
27
770
488
771
249
371
582
2
758
364
8
124
353
734
307
588
136
156
248
447
286
151
206
604
35
473
652
302
429
611
660
372
100
188
476
448
323
544
776
565
32
426
584
642
507
279
728
512
7
709
59
40
720
108
134
155
146
25
628
698
463
485
347
366
493
262
430
75
784
327
383
686
555
489
157
616
643
608
764
674
663
708
415
28
318
722
465
600
641
193
467
212
167
705
126
130
44
780
73
470
344
204
549
785
350
159
591
433
332
19
439
181
346
399
369
14
144
268
442
570
797
486
76
610
377
772
530
645
733
224
150
665
521
259
93
340
632
315
324
478
148
702
719
322
495
606
605
796
54
625
593
89
384
42
656
669
284
