334
648
208
452
532
36
13
699
53
8
727
273
750
314
573
12
738
547
737
512
99
459
300
21
92
188
604
656
286
75
316
80
142
40
339
746
78
263
444
613
320
555
650
743
520
644
63
403
345
1
506
698
210
439
85
364
370
17
677
56
525
178
190
667
623
100
709
189
312
192
11
482
668
478
397
747
515
158
584
268
113
775
484
721
538
435
597
468
716
111
170
236
634
74
419
519
150
690
156
194
755
714
272
66
718
270
324
81
437
429
10
274
739
470
130
572
450
595
151
671
639
455
570
695
491
521
28
524
77
26
67
553
454
167
585
58
712
777
729
531
771
395
665
173
290
231
758
575
682
508
179
789
776
486
592
115
765
535
357
655
218
132
198
35
631
41
681
615
684
514
543
166
110
617
780
646
790
412
422
284
250
155
329
456
134
240
654
87
488
434
733
375
337
642
620
43
157
539
221
752
