324
518
517
631
353
797
656
453
418
509
558
99
269
86
694
715
516
52
538
382
721
426
265
240
302
522
641
747
618
190
423
729
3
718
22
138
796
604
51
209
35
389
345
98
799
220
297
480
328
716
773
165
572
373
95
235
181
278
360
199
547
378
745
629
213
14
243
643
468
42
573
365
571
654
428
185
710
450
337
689
555
304
409
540
73
491
475
340
712
598
669
679
510
241
188
155
68
298
124
299
309
338
457
376
371
203
717
329
89
214
776
586
164
574
422
762
610
110
692
140
254
497
61
476
583
33
682
570
290
783
542
175
580
264
136
767
223
681
737
673
597
521
246
622
215
467
313
145
276
151
782
194
129
90
640
744
777
424
54
628
142
685
653
206
200
21
464
267
415
750
496
677
722
504
168
205
544
523
147
390
676
466
248
623
303
647
387
195
331
511
132
60
533
490
316
383
670
63
550
486
