12
559
560
441
767
135
579
266
85
24
209
464
727
481
412
261
92
654
176
723
561
119
201
29
417
44
621
743
250
229
435
48
466
197
368
483
117
424
57
277
400
399
719
777
733
238
474
357
343
563
658
14
87
598
523
240
236
233
185
602
604
583
90
337
97
191
395
223
526
170
632
751
226
362
46
246
84
327
458
582
505
359
406
217
679
227
662
638
262
703
356
692
678
639
766
718
342
74
713
504
45
627
95
153
59
402
522
100
779
469
587
431
158
16
295
322
530
55
374
465
664
56
160
427
781
509
772
637
125
758
521
414
293
214
76
633
495
272
361
524
248
737
780
467
215
183
493
99
408
687
267
479
163
457
447
502
39
89
106
556
109
122
195
30
187
546
413
318
166
510
373
628
423
603
698
734
17
257
741
671
205
480
541
732
237
144
764
552
326
26
476
42
593
354
742
553
645
224
754
69
