91
51
769
198
480
741
783
112
332
204
11
543
521
477
646
575
229
339
104
483
340
391
175
316
13
561
228
126
594
265
84
12
290
629
314
792
92
727
223
496
413
748
457
586
297
69
296
154
36
524
664
308
572
393
329
361
305
631
208
554
311
10
453
450
429
760
248
381
77
717
65
101
677
240
647
585
492
289
791
761
461
180
529
679
246
723
21
580
76
242
310
42
465
284
665
603
122
588
584
714
467
591
388
90
115
510
375
139
414
619
726
219
462
312
342
39
225
784
518
466
152
195
737
686
533
408
179
705
721
788
258
456
661
259
189
767
99
513
31
395
486
755
271
690
138
550
528
636
608
424
129
267
72
713
464
355
241
497
542
18
730
222
787
441
674
416
436
644
87
643
545
193
62
46
560
452
782
537
269
451
689
701
295
707
511
132
593
790
766
291
759
620
276
538
192
605
70
29
277
763
