312
370
163
332
344
99
618
269
697
565
768
113
719
406
425
559
53
660
704
74
4
572
334
305
437
267
730
456
327
469
307
522
68
663
223
688
216
247
23
279
759
8
355
382
579
494
599
420
602
646
487
393
48
194
669
716
789
503
143
448
667
403
741
171
595
380
781
375
573
640
535
56
766
28
283
320
778
215
141
445
213
655
483
182
454
321
347
34
192
710
29
107
232
203
678
755
523
568
227
428
666
101
175
240
304
137
662
471
488
384
26
455
258
545
275
712
623
748
527
367
293
381
466
40
534
328
692
701
378
399
272
9
621
482
767
593
793
155
225
670
436
537
47
629
776
24
607
62
479
686
519
435
700
653
779
422
578
366
544
55
230
224
358
12
392
720
351
97
112
79
652
592
518
376
77
458
709
511
530
560
174
126
521
475
703
196
336
20
337
632
391
198
790
404
114
756
205
749
106
88
