418
511
89
98
101
405
795
154
441
99
506
610
597
589
611
236
510
31
680
533
378
183
474
484
527
356
187
412
531
355
770
268
76
241
372
447
421
2
370
411
193
182
358
280
470
449
534
90
785
635
278
435
299
178
14
528
800
334
43
34
106
630
392
442
11
544
702
1
640
348
119
581
545
629
310
340
636
487
64
423
92
296
226
282
386
45
753
252
285
710
286
145
213
324
342
711
400
515
780
687
485
391
644
152
27
139
181
274
580
4
290
172
647
670
343
538
59
281
667
586
564
438
627
682
79
428
135
112
794
8
522
322
605
594
163
81
361
321
492
72
16
606
159
126
525
13
495
174
561
686
505
560
765
219
679
571
604
723
357
632
300
783
345
233
246
744
653
220
452
93
416
319
256
598
696
422
573
700
132
279
107
663
104
40
221
773
407
385
733
351
194
570
729
52
568
237
749
30
684
725
