219
283
638
265
563
162
170
67
164
798
487
507
470
248
92
671
548
343
697
588
154
776
425
433
63
530
381
473
467
783
384
250
262
634
95
517
767
435
438
203
541
456
81
739
730
357
734
252
146
785
352
91
536
214
326
468
565
309
354
118
247
654
691
167
246
650
133
637
486
466
629
55
240
636
310
645
269
17
661
603
147
233
312
598
279
293
80
109
762
535
755
201
688
238
495
649
555
664
305
4
453
553
753
719
454
272
174
325
18
213
646
301
448
145
128
796
337
19
322
21
380
693
617
642
264
533
752
492
602
413
274
607
744
372
564
441
339
647
375
656
732
465
205
571
35
42
181
505
423
436
287
729
757
222
228
180
143
673
60
768
159
621
342
129
52
112
737
241
198
722
386
398
401
439
424
249
230
206
363
370
404
611
364
525
304
706
550
292
570
630
415
399
716
288
715
532
651
557
657
217
