570
39
95
475
60
697
266
144
345
379
604
477
761
271
741
648
281
593
733
665
165
757
751
758
150
535
113
642
2
12
79
136
441
715
201
488
76
384
620
198
516
460
387
27
344
701
153
591
525
17
795
222
622
585
123
322
719
355
130
608
449
513
510
63
545
417
426
579
97
414
55
594
91
386
278
195
419
32
476
676
762
491
363
431
221
786
317
708
454
18
259
23
435
793
45
310
680
166
200
681
692
28
362
479
699
274
634
478
295
411
452
31
300
461
489
247
588
717
285
416
396
501
208
764
5
689
709
163
227
409
567
44
398
561
244
788
381
782
662
172
284
660
193
552
654
637
194
346
250
140
484
233
106
286
313
775
216
361
690
298
89
209
599
366
318
241
350
768
391
639
202
682
497
603
264
305
463
731
22
584
7
647
439
116
352
174
401
301
147
373
522
695
792
750
268
331
601
625
231
392
