239
68
340
464
351
57
137
183
362
405
621
717
491
46
707
606
545
458
317
668
667
404
312
450
761
2
790
319
446
206
780
540
52
221
153
426
165
228
731
427
321
754
87
13
505
91
574
475
535
197
198
556
706
334
45
670
444
195
532
343
413
720
275
691
688
241
662
108
757
611
166
120
162
432
316
227
94
399
448
16
443
349
745
447
99
586
175
60
323
457
49
265
126
734
480
364
664
791
15
494
278
313
530
614
41
672
649
342
140
261
177
81
192
629
488
778
469
577
299
401
366
719
709
118
414
3
539
113
460
537
260
699
497
79
310
394
353
773
322
751
70
368
326
242
566
77
680
152
388
572
628
397
218
534
301
666
289
294
67
88
656
473
578
215
747
727
652
524
356
708
527
692
123
98
557
655
96
4
132
345
798
115
114
565
694
438
209
10
344
711
58
207
536
63
417
525
361
679
407
588
