664
735
288
29
520
590
46
50
559
43
685
250
302
472
45
705
192
755
72
746
105
265
754
420
267
47
107
392
602
704
158
773
279
325
439
658
430
367
193
237
686
518
569
660
635
59
101
513
683
601
409
624
262
776
656
116
577
385
790
489
322
364
255
740
435
548
350
146
659
494
176
783
680
799
166
328
772
183
604
102
387
574
49
397
623
381
152
638
408
759
54
674
715
442
258
332
679
145
643
326
127
771
311
693
94
80
196
649
634
396
346
698
204
733
241
257
42
165
260
295
348
459
586
727
463
778
190
226
716
742
293
478
554
490
763
579
560
688
154
11
589
719
477
563
631
413
98
428
460
153
129
118
722
376
195
282
632
525
410
741
356
351
27
31
48
596
35
377
585
476
607
133
654
335
209
17
34
786
272
182
765
159
287
130
179
56
372
611
587
616
187
301
711
650
64
495
667
370
330
633
