52
509
720
788
337
484
67
135
595
558
371
193
588
608
513
546
133
123
180
111
544
529
255
30
716
221
429
438
674
539
101
145
114
494
129
597
148
24
79
353
523
100
414
533
530
85
651
344
425
619
740
732
593
666
34
142
285
329
306
537
146
563
253
17
542
405
467
7
339
308
502
694
445
797
70
233
183
278
549
525
21
313
199
642
789
478
410
20
644
682
88
207
461
124
318
196
457
653
157
792
627
576
763
299
288
137
729
648
787
607
498
442
363
752
251
307
505
97
362
175
791
269
659
522
367
340
497
715
86
501
579
49
320
71
356
240
421
636
599
601
37
766
74
261
428
566
333
652
281
310
105
62
141
709
48
697
573
614
747
447
506
205
102
270
284
433
330
641
54
423
462
602
757
545
18
581
213
131
749
170
237
60
612
236
548
108
254
798
737
761
336
483
15
322
488
514
297
739
632
201
