579
388
673
423
205
724
13
655
364
139
161
170
64
132
683
692
606
748
383
470
549
643
212
675
187
716
502
760
765
406
696
288
711
220
214
468
103
506
79
488
408
12
576
621
106
314
526
656
121
555
543
726
47
451
391
460
157
98
266
156
335
659
108
700
430
379
589
239
269
246
749
321
23
244
250
363
253
413
389
497
433
71
100
10
689
779
620
271
548
347
45
235
454
22
194
438
557
495
273
707
93
110
149
798
140
766
788
645
217
270
705
20
503
685
630
603
291
676
440
458
356
285
422
112
362
525
794
567
216
516
70
309
365
598
578
563
672
635
791
74
39
605
753
302
328
300
224
5
215
767
292
624
626
346
695
164
165
523
532
594
467
565
653
542
553
609
447
781
277
395
678
541
414
280
461
444
762
66
754
344
584
221
2
352
485
452
778
569
604
97
275
763
349
219
85
163
92
184
150
703
