557
70
182
212
66
416
127
386
408
498
631
31
377
51
234
367
356
85
35
482
56
271
516
83
634
216
391
501
23
260
409
376
330
145
178
360
757
776
651
494
343
16
326
499
270
350
727
746
227
643
721
604
365
89
394
208
794
173
290
423
229
247
138
81
199
148
129
91
239
236
455
30
708
610
334
636
421
17
609
562
263
714
701
300
221
534
669
152
320
561
473
511
6
513
446
222
528
3
506
668
585
151
447
738
784
699
426
2
163
489
485
512
434
640
25
540
564
88
510
539
414
555
333
316
476
646
691
420
759
133
583
620
509
53
67
748
146
224
732
41
617
736
715
774
202
598
599
773
799
252
424
724
783
785
523
578
132
638
250
385
194
276
780
679
352
61
291
321
590
742
94
761
649
674
597
789
787
44
771
19
375
572
537
389
451
181
650
293
207
763
595
782
666
488
299
262
206
591
637
448
